11,5,3
0.0913693828225,-0.0417105718251,0.120585791292,0.0300380713282,0.26302715695,0.0357208161913,-0.347652507861,-0.236885301573,0.333776828419,0.0715869100474,0.132107208776
-0.0966789442483,-0.227708647479,0.162917742078,0.0102215197324,0.0330190957327,0.309162465711,0.182044628256,-0.488446213423,0.180364116249,-0.0699232434825,0.249611175281
-0.213473904957,-0.0262948906733,0.486655356284,0.00272931959246,0.511441212395,0.204809869571,-0.295152483977,-0.509549396671,-0.423104870323,0.350294073396,0.231417312608
-0.0798381493908,0.10054023255,-0.0921635135528,0.0232254964905,0.0961735434745,-0.106386181036,0.0751313831788,0.00695206184336,0.0964841814612,0.0970348738459,-0.0880623338851
0.674037848745,0.632958488993,-0.72308099523,0.0447343469683,0.0453502322043,0.124996389739,-0.0209445077782,-0.0413894060594,-0.127899232649,0.611386533071,0.261110046913
0.228983152514,0.229321308306,-0.193649296873,-0.075267966345,-0.347270916923,0.123535428793,-0.146307001202,0.0962134419115,0.373799129833,0.379360985273,0.0484286060603
-0.353641864791,-0.174671560728,0.481112791725,-0.00733157374635,0.463892642197,-0.354289750468,0.161892732898,0.424529536444,0.423053968502,0.150456216358,-0.299804176514
0.562476208139,-0.304027503307,-0.426038034842,-0.0546831077056,0.159978985305,-0.614114237308,-0.135384602499,0.00892001776046,-0.223310254193,0.379101053195,-0.208729487635
-0.0276562917638,0.704050940664,0.357588742831,-0.00993018760453,0.0489038676539,0.0155584534206,-0.0942297590466,0.554526115356,0.35462950664,0.26702547415,0.0593867300673
0.268448810023,-0.0672128222469,-0.232322791551,0.0115052687582,-0.367436609792,-0.0263536222125,-0.41126569255,-0.465044648637,-0.0164053301579,0.802999275411,0.0247906689145
0.046274430469,0.53562290647,0.317110672765,0.171843333799,-0.873557947847,-0.191953708251,-0.309887852033,-0.0429069272215,-0.0670560502744,0.488933148766,-0.230611488203
0.244712138515,-0.79312919413,-0.715779160548,0.0501807208059,-0.0658450931273,-0.672905286306,0.223828278937,-0.29836880299,-0.0353564660263,-0.503877100292,0.271404303606
0.164325491599,0.127166265841,0.03363165732,-0.0199271363025,-0.100139982637,0.0572894903443,-0.0961555538672,-0.209603651265,0.15007757761,0.0658378182285,0.0326697614022
-0.532476377815,-0.266315622001,-0.0831808106848,-0.0270445004253,0.11578962556,0.154380131455,0.150823231453,-0.323792106883,-0.207753087867,-0.17302930038,0.134726483489
0.11465656091,0.00808709959938,-0.572120157041,0.107058475626,0.218279700353,0.0409970746749,-0.118538748993,-0.363932502401,0.0422142767554,-0.164640195203,0.148663965143
0.456567364773,-0.05566630651,0.05421387282,0.0942127039594,0.259021922866,-0.0622344038777,-0.40272662141,-0.189778575221,0.586317571863,0.268925946959,-0.872897838832
0.29030081566,0.183469827648,0.0725063127764,0.07256303874,-0.230630267114,-0.768771602712,0.599055518713,0.402456555368,0.385261565228,0.118689603006,0.272079114874
0.219649810253,0.252122505605,-0.304956085558,0.00309196934578,0.285934536182,0.820687084265,-0.233841070618,0.249294013465,0.0379291288569,0.396521669855,-0.275475795791
0.291618896743,-0.556728438661,0.36499046407,0.11333426324,-0.48200818523,0.364483025876,0.367074936362,-0.22805472814,1.07020212594,0.222307484555,-0.302518521203
-0.0248888599866,-0.10323605891,0.0274509399313,0.0576807887735,-0.111208434998,-0.258848084358,0.305021143796,0.0714518711778,0.1816258967,0.204118108585,-0.0221334656925
0.553059672693,-0.756732211064,0.015040706049,0.300351129788,0.105577590662,-0.237143100461,0.523394579467,0.206940902995,-0.0870422497568,0.787628412277,0.0786747406164
-0.241921937697,0.244297322564,0.0544404121849,-0.0169606701324,-0.00107566649897,0.0783096896244,0.212802837437,-0.245466363264,0.154884467161,0.251316368044,0.0861200467369
0.0364990819074,0.0511577994324,-0.0598042712801,0.0785959541721,0.193407677464,0.114708982632,0.226463737881,-0.148092151999,-0.0734390833288,0.221995920581,-0.361393454377
-0.0299544612977,0.134535812653,0.0579292011054,0.012700947364,0.20801092469,0.0614871840439,0.520311955017,-0.3968749308,-0.0791900788964,-0.200100056363,0.0154592850964
0.753665926906,-0.242577778003,-0.0821609676897,-0.0894918622828,-0.0632283713306,-0.195932840379,-0.244498158604,0.168131193453,-0.397823375953,-0.509303567649,0.681573435745
0.555561790112,-0.03011538593,-0.495892907993,-0.00108187984127,0.120007646668,-0.515634199676,-0.0980292196988,-0.0886398815232,-0.132884274138,0.0456315085894,0.423487034137
0.48923573052,-0.387266268051,0.387401375684,-0.160813372061,-0.379166586733,0.469222151787,-0.477760599424,0.32421893102,-0.341686223686,-0.452091902277,0.521730128097
0.308708016607,0.140439941313,-0.66982057544,0.0114325210071,-0.125373105896,-0.658935828693,-0.107229049091,0.0140429582916,-0.265111629216,-0.357707123306,-0.219003544538
0.0265674193092,-0.048200727173,0.045220826126,-0.0211579584613,-0.0315586199256,0.0944017904612,-0.0634787114979,0.127772068507,-0.142383635067,-0.213177959631,0.12258127067
-0.220324734059,-0.141968866487,-0.0391168311819,-0.0925313802444,-0.402406106168,-0.243997764021,-0.155867355464,-0.0328986208633,0.320398097411,0.283107741306,0.404637428948
-0.00736750615564,-0.194526671279,0.00896092352139,-0.029741775486,-0.173503436094,0.0534739952653,-0.252064119493,0.0327706204365,-0.0334606970125,-0.169534581639,0.18711808476
0.0875642153872,-0.0850445777572,0.0581217032497,-0.0211876635731,-0.0734579547484,0.0882595593252,-0.0812786318196,0.0790010038546,-0.0470481414776,-0.0875881771748,0.0709108655863
-0.406953795103,0.439524501923,0.0259788126556,-0.0330599461373,-0.240901275015,-0.068455863083,-0.101174964816,0.225048567957,0.180764740552,-0.0593620890109,0.277811448076
0.0717573129503,-0.0402719814687,0.0290726129456,-0.016554950782,-0.10146761048,-0.0102041557957,-0.0108872082734,0.0548349926768,0.0113954690818,-0.0724743622918,-0.0868992272438
0.0128299828173,-0.186089479917,0.0139917116909,-0.0527918889753,-0.217679344086,-0.00507679280903,-0.181915934563,0.0634885445103,0.0221162399702,-0.228117658259,0.251744398461
-0.378927991549,0.771325936514,0.0488765898414,-0.0687282724333,0.0232822427682,-0.435153995757,-0.215375909342,0.10279942675,0.226807037112,-0.379086464165,0.264300498836
-0.195152428313,-0.171561932857,-0.217583961801,0.0197240723802,-0.101407721791,-0.036360155021,-1.44203550514,0.0386145821672,-0.233943049443,0.422632907355,-0.168268645484
0.0319688103832,0.189962928531,0.0735755979221,-0.00775991619822,-0.0495180633701,-0.0588643198477,-0.0608946672341,0.0514350418484,0.111028697482,-0.0546361709881,0.0457900307691
0.146675800263,0.0194332320553,-0.140521992399,-0.0385010240945,-0.0347246221482,0.127764874658,0.241017054338,-0.157432663603,-0.223831764824,-0.294065645188,0.0933677024198
0.0802973432229,0.0979093419898,0.043039504304,0.038929283534,0.018148367558,-0.179469569746,-0.0963878558857,0.0193625264732,-0.00570323834288,-0.041047471137,0.0892919300802
0.129026507878,-0.176483350252,0.151868275814,-0.0541095070845,-0.179648973917,0.155563585622,-0.226792083308,0.196488942553,-0.127621958235,-0.105568752847,0.126669810477
0.18549140134,-0.177320872315,0.13824903592,-0.0694597844143,-0.147800176416,0.203906349678,-0.148089864619,0.139290898754,-0.120391316131,-0.261207147329,0.172615266989
0.184607412909,-0.017981043014,-0.256528239179,-0.0130099656121,0.0255881492354,-0.293006989664,0.113415225111,-0.0860189399974,-0.147342489962,-0.28724814989,0.166143801757
0.237225993322,-0.0321755392237,0.125757209948,-0.0558345081006,-0.166088107906,0.165530620169,-0.308028974685,0.203360033048,-0.14173519221,-0.2075352715,0.202075116253
0.338640473901,-0.166637174946,-0.0115880492114,-0.0106190165137,0.161226568534,0.175596175239,-0.0242827193726,-0.462444609463,-0.0919969027166,-0.0930328985926,0.376075582709
-0.0040482962701,0.00420009154959,0.372428188262,0.00594660336158,-0.00359620837519,0.0960756322354,0.147510478118,0.237902374651,-0.425313744738,-1.03300869281,-0.46501079561
0.00773390032866,0.0168198952686,-0.151152022064,-0.00886469870421,-0.0238730731326,0.0469121426598,-0.0779733301628,-0.117334314023,-0.0025888506215,-0.134830653888,0.0489758143241
0.0529727699022,-0.0897042079828,0.0289374474289,-0.0189957802408,0.0150116815492,0.107817926443,-0.106190078586,0.135798251845,0.000719058818556,-0.00696846451021,-0.0018855867475
-0.245341157136,0.589579534313,0.187234916959,0.061330804761,-0.0855335047632,0.101010447782,-0.498743751911,0.0562314709236,-0.253962079612,0.359171831186,0.153765606247
0.536124752903,-0.464252830497,0.516978403873,-0.0615597170509,0.851423840524,0.159958804953,1.07453430323,-0.599552144124,-0.209690328006,-0.522237829644,0.417995753411
0.0410105996578,0.112936704447,-0.208852078935,-0.0240786493999,0.0132021336834,0.63347564949,-0.132333246158,0.115600462025,0.564755314768,-0.0769881952983,-0.0572501242201
-0.952854449333,0.687107289434,0.180637899471,0.0101810319666,0.982789094559,0.110264464097,-0.0969578063579,0.455502703724,0.0149397198949,0.332264051354,0.259021489475
0.37438534556,0.43818006591,0.431190597264,0.0074507858033,0.300140439838,-0.2389902979,0.95255653719,0.403724192865,0.0327421984821,0.0267975685881,-0.934736067406
-0.111771679043,-0.0396094064543,0.00210788774967,0.030375305714,-0.0264887708045,0.056576802868,-0.00342898626372,0.00806628290736,0.111735726818,0.048764272307,-0.0772539962488
-0.248777570204,-0.0675241904855,0.0524875825409,0.0388175970663,0.189007679686,-0.289548177752,0.0984736809372,-0.247067854488,-0.0110016475176,0.0706649880854,-0.57596595228
-0.292085531693,-0.291289362723,0.175342906069,0.00935411498372,-0.153858742525,-0.22159643173,0.112708248898,-0.25050798906,0.0878000080818,-0.252006613443,-0.408810756454
-0.681507196313,0.260480452444,0.151858136581,0.195973905227,0.123036801112,-0.0142055118477,0.0540985935041,-0.0126929335205,-0.128254264131,0.10699043395,0.243206000274
-0.054297903432,0.682218749684,-0.813545643624,0.112013184886,-0.741620726824,-0.807056836272,-0.106526305946,-1.08042619849,-1.59837232668,-0.624467850018,-0.724006332535
0.707284562438,0.992214310144,0.813413942403,-1.23740567201,0.875324865855
-0.677082000589,-0.939058132195,-0.774744146786,1.12629222307,-0.840462431219
0.575539994142,0.80703725462,0.661373842913,-1.00619188741,0.711787500643
-0.195546994581,-0.262095347321,-0.220227227195,0.294388471275,-0.240783892355
-0.604166700223,-0.835304352063,-0.690806789614,1.00948172729,-0.74681679378
0.652583540827,0.894773792382,0.743944507706,-1.09839626703,0.79631440765
-0.768061219645,-1.05670169711,-0.876263711782,1.26980756908,-0.946359723836
0.574241172347,0.809491841,0.661362385137,-1.01135539808,0.713315135447
-0.579772743395,-0.801757642891,-0.662502983818,0.975702290553,-0.714840284688
-0.815501972332,-1.09633218208,-0.922405586716,1.30201151501,-0.989864250672
0.717702360167,0.971302901461,0.814394355909,-1.18413350997,0.869596334814
0.54918126586,0.749213775001,0.625002223939,-0.826536119803,0.69038477154
-1.1703955172,1.30833465965,-1.21495455016
-1.62437281164,1.81969493342,-1.68331392386
-1.34065324657,1.49956369668,-1.3904104233
2.01572042876,-2.25630651689,2.06845237702
-1.44506261743,1.61705236853,-1.49830544966
1.74088366061,-1.95072453629,1.81936959256
-2.5367166034,2.53615102307
2.89330821408,-2.89423262223
-2.62840689186,2.62790620232
1.20907187393,-1.20907187393
